5
12
19
7
7
6
9
9
6
13
24
4
4
24
2
9
14
15
7
2
5
2
5
6
11
8
13
4
4
4
7
8
3
5
17
14
11
6
2
1
15
6
2
3
5
9
14
11
2
11
2
3
3
4
6
1
2
5
13
7
1
4
12
0
3
12
6
8
12
9
8
1
10
4
3
12
3
13
11
11
16
3
21
3
5
15
18
2
3
1
2
9
11
3
10
10
1
10
11
12
5
5
15
13
9
7
6
7
8
7
8
15
19
11
11
8
8
15
1
1
5
18
13
16
2
7
17
10
8
10
20
19
14
20
8
20
12
5
1
9
6
8
11
1
8
11
0
19
1
11
6
2
6
11
11
23
1
6
18
6
3
13
3
5
2
10
3
1
8
1
8
8
4
13
7
1
1
17
0
9
7
14
9
25
11
11
3
2
7
14
6
0
5
5
14
7
2
4
4
8
6
5
6
2
5
8
8
1
10
9
20
0
18
10
22
5
1
8
13
3
8
2
4
1
10
8
5
12
16
1
14
18
3
5
14
14
23
7
5
4
3
4
11
6
12
14
19
0
15
22
20
16
16
7
14
19
10
18
5
9
26
6
18
16
3
12
8
22
17
16
15
16
15
2
8
14
8
17
15
7
14
1
9
12
0
8
8
6
2
15
3
7
13
1
16
6
6
6
10
7
14
10
4
5
4
14
9
9
6
1
6
12
9
5
15
5
1
9
1
18
16
6
20
11
0
13
22
7
1
12
21
0
4
6
12
10
4
18
2
1
9
9
9
11
1
11
5
8
6
1
3
7
14
0
2
0
6
4
2
14
2
0
0
1
0
0
7
13
0
0
0
4
10
15
2
4
16
6
16
7
8
12
14
2
5
0
12
5
13
8
2
4
3
8
7
9
2
1
1
10
7
1
4
2
1
2
1
8
1
5
6
8
6
0
2
0
0
0
1
2
2
5
7
9
4
6
5
4
8
13
22
4
15
1
1
10
2
15
4
9
1
7
21
5
6
14
12
7
15
8
11
15
20
11
17
10
10
10
4
9
11
13
14
5
5
22
7
15
8
6
6
7
8
21
11
12
14
3
7
8
1
13
4
5
19
4
13
6
8
13
12
9
1
7
10
11
6
5
22
18
7
5
1
1
5
0
10
15
8
13
1
23
17
13
14
15
6
6
3
1
2
2
4
7
8
2
4
10
4
12
9
2
11
8
3
2
12
5
17
11
4
