43
38
40
40
36
57
15
29
9
57
26
36
1
57
42
14
57
15
55
52
25
29
22
30
17
39
30
28
17
18
35
50
53
1
33
26
20
50
51
57
41
53
28
21
40
13
31
29
36
47
38
2
8
18
28
43
32
21
29
2
24
33
3
38
26
5
48
54
13
7
14
47
10
46
36
7
55
31
1
3
7
45
56
0
28
47
7
37
46
43
43
34
39
4
12
45
45
26
54
0
7
59
24
3
9
8
4
54
59
14
54
51
14
27
21
17
20
7
35
30
36
58
16
39
31
52
53
18
56
1
39
6
19
13
44
38
15
20
34
37
50
9
43
34
13
54
51
51
39
49
9
17
13
15
12
3
38
30
25
38
22
46
12
34
22
22
11
51
0
24
34
31
44
53
25
58
41
35
44
51
29
13
7
58
30
50
7
16
18
24
15
50
16
17
28
16
35
36
13
57
44
16
4
22
49
46
8
34
2
11
40
58
17
26
30
25
27
2
13
20
35
2
24
40
32
28
1
35
38
28
40
27
39
28
36
15
43
13
17
50
2
56
16
41
51
13
38
41
35
27
4
33
11
13
53
12
46
12
12
27
44
5
30
19
58
20
38
13
51
7
38
4
4
31
52
40
16
16
21
50
3
31
20
56
48
1
46
51
57
2
37
1
31
23
16
14
0
13
48
16
31
37
14
3
36
9
53
57
59
12
6
50
36
53
7
15
53
22
31
22
53
17
5
23
47
55
16
59
27
24
27
46
33
46
50
5
43
53
55
46
7
32
5
24
0
17
46
58
20
10
9
45
9
35
31
47
37
41
56
18
1
19
34
0
42
30
12
22
40
22
31
20
5
38
42
6
39
3
17
40
22
12
53
20
11
36
31
36
51
19
0
50
56
49
46
43
22
41
43
42
51
51
12
50
11
50
43
18
51
30
41
5
53
44
42
56
26
31
24
56
10
15
5
3
48
27
12
1
55
20
13
10
35
26
22
36
6
36
23
27
42
55
34
13
55
9
22
25
9
20
59
19
41
15
32
18
23
1
55
4
52
38
58
50
4
10
6
59
23
23
59
0
37
44
37
2
48
36
30
8
36
14
12
44
48
9
54
58
37
18
26
55
32
50
9
2
7
18
51
23
0
16
3
20
49
57
22
4
44
16
10
8
13
51
44
0
58
48
27
13
59
53
44
44
15
22
10
52
5
8
17
38
48
12
42
12
49
31
36
50
46
25
52
32
1
17
51
34
21
50
4
9
7
37
35
18
58
12
27
39
21
54
57
42
40
1
50
9
2
51
5
18
24
12
21
28
43
3
17
34
16
48
3
58
40
55
49
35
10
6
36
29
32
39
37
17
46
27
32
35
51
34
10
45
22
48
6
5
24
9
14
40
16
53
37
6
58
42
55
38
37
32
36
12
